,names,roll_no,english_marks,maths_marks,cs_marks
0,stuart-882-gary-256,0,19,31,75
1,stuart-12-gary-950,1,100,26,64
2,stuart-988-gary-14,2,38,88,93
3,stuart-838-gary-329,3,64,28,75
4,stuart-634-gary-343,4,7,18,21
5,stuart-644-gary-209,5,36,43,64
6,stuart-339-gary-635,6,53,25,85
7,stuart-681-gary-817,7,56,5,72
8,stuart-49-gary-685,8,59,54,37
9,stuart-539-gary-486,9,34,38,12
10,stuart-425-gary-923,10,85,7,18
11,stuart-794-gary-32,11,92,39,16
12,stuart-52-gary-604,12,41,54,17
13,stuart-3-gary-391,13,19,80,82
14,stuart-965-gary-900,14,94,36,76
15,stuart-748-gary-930,15,82,52,36
16,stuart-743-gary-714,16,95,45,52
17,stuart-527-gary-2,17,1,52,79
18,stuart-194-gary-950,18,47,93,90
19,stuart-15-gary-143,19,53,19,50
20,stuart-800-gary-315,20,6,8,71
21,stuart-256-gary-776,21,48,68,97
22,stuart-704-gary-171,22,9,27,53
23,stuart-738-gary-136,23,85,6,56
24,stuart-679-gary-679,24,71,97,24
25,stuart-395-gary-29,25,63,82,40
26,stuart-834-gary-418,26,28,89,90
27,stuart-726-gary-637,27,100,96,94
28,stuart-192-gary-941,28,41,54,95
29,stuart-667-gary-307,29,61,74,16
30,stuart-691-gary-371,30,96,87,50
31,stuart-870-gary-251,31,40,89,37
32,stuart-648-gary-42,32,62,68,84
33,stuart-329-gary-710,33,98,2,75
34,stuart-746-gary-741,34,11,61,47
35,stuart-506-gary-669,35,91,67,64
36,stuart-803-gary-510,36,62,28,41
37,stuart-521-gary-393,37,56,72,14
38,stuart-890-gary-581,38,59,34,87
39,stuart-49-gary-790,39,49,74,4
40,stuart-195-gary-319,40,99,83,97
41,stuart-893-gary-564,41,89,6,64
42,stuart-638-gary-628,42,38,79,72
43,stuart-192-gary-574,43,86,4,83
44,stuart-908-gary-66,44,52,96,88
45,stuart-956-gary-272,45,44,84,78
46,stuart-949-gary-608,46,51,0,56
47,stuart-41-gary-908,47,22,89,65
48,stuart-330-gary-192,48,15,16,44
49,stuart-199-gary-28,49,25,99,0
50,stuart-180-gary-542,50,23,62,64
51,stuart-360-gary-423,51,3,67,10
52,stuart-980-gary-915,52,27,4,66
53,stuart-179-gary-44,53,6,56,43
54,stuart-848-gary-576,54,16,29,65
55,stuart-567-gary-390,55,48,26,61
56,stuart-877-gary-569,56,49,51,68
57,stuart-197-gary-413,57,4,90,84
58,stuart-786-gary-27,58,34,42,85
59,stuart-699-gary-229,59,28,49,37
60,stuart-566-gary-801,60,47,5,37
61,stuart-972-gary-236,61,49,48,87
62,stuart-419-gary-478,62,12,99,23
63,stuart-396-gary-816,63,44,55,32
64,stuart-9-gary-628,64,100,49,61
65,stuart-126-gary-287,65,90,7,48
66,stuart-209-gary-721,66,33,76,48
67,stuart-525-gary-508,67,58,72,43
68,stuart-958-gary-710,68,70,2,7
69,stuart-427-gary-960,69,86,40,79
70,stuart-329-gary-211,70,76,17,62
71,stuart-602-gary-586,71,55,18,38
72,stuart-330-gary-15,72,58,6,95
73,stuart-307-gary-16,73,59,24,47
74,stuart-334-gary-390,74,87,10,99
75,stuart-335-gary-892,75,20,66,28
76,stuart-663-gary-359,76,45,33,69
77,stuart-569-gary-85,77,10,91,45
78,stuart-138-gary-420,78,98,92,3
79,stuart-392-gary-544,79,28,88,33
80,stuart-274-gary-130,80,46,37,97
81,stuart-580-gary-150,81,61,17,77
82,stuart-406-gary-192,82,88,4,99
83,stuart-219-gary-399,83,67,61,78
84,stuart-450-gary-611,84,93,33,31
85,stuart-872-gary-398,85,23,77,34
86,stuart-574-gary-803,86,9,25,43
87,stuart-361-gary-924,87,46,41,75
88,stuart-587-gary-172,88,91,60,64
89,stuart-330-gary-264,89,95,11,94
90,stuart-305-gary-211,90,47,22,47
91,stuart-458-gary-706,91,7,65,92
92,stuart-768-gary-876,92,59,29,9
93,stuart-268-gary-733,93,38,7,71
94,stuart-228-gary-808,94,79,100,64
95,stuart-133-gary-46,95,17,92,84
96,stuart-820-gary-405,96,13,17,5
97,stuart-746-gary-953,97,7,33,52
98,stuart-433-gary-289,98,20,15,67
99,stuart-343-gary-924,99,95,13,36
100,stuart-418-gary-532,100,36,92,80
101,stuart-864-gary-638,101,92,75,95
102,stuart-337-gary-252,102,98,48,73
103,stuart-903-gary-558,103,15,50,2
104,stuart-254-gary-700,104,19,76,52
105,stuart-870-gary-18,105,67,14,100
106,stuart-35-gary-210,106,100,35,68
107,stuart-2-gary-857,107,80,4,63
108,stuart-479-gary-379,108,70,62,90
109,stuart-768-gary-626,109,71,19,4
110,stuart-35-gary-10,110,12,87,95
111,stuart-959-gary-991,111,24,42,14
112,stuart-388-gary-373,112,65,34,25
113,stuart-865-gary-957,113,0,17,45
114,stuart-487-gary-749,114,93,95,99
115,stuart-391-gary-455,115,40,85,46
116,stuart-135-gary-257,116,86,36,36
117,stuart-465-gary-541,117,63,13,69
118,stuart-939-gary-153,118,72,57,40
119,stuart-375-gary-503,119,67,79,75
120,stuart-838-gary-324,120,0,40,54
121,stuart-582-gary-260,121,9,46,55
122,stuart-198-gary-550,122,59,63,24
123,stuart-216-gary-617,123,89,29,98
124,stuart-427-gary-742,124,44,86,73
125,stuart-242-gary-349,125,7,75,44
126,stuart-652-gary-200,126,88,31,67
127,stuart-161-gary-524,127,86,34,63
128,stuart-822-gary-739,128,79,31,16
129,stuart-204-gary-436,129,31,98,9
130,stuart-403-gary-108,130,84,37,77
131,stuart-407-gary-107,131,99,12,55
132,stuart-151-gary-551,132,34,24,16
133,stuart-921-gary-519,133,98,35,94
134,stuart-132-gary-327,134,63,36,96
135,stuart-630-gary-243,135,36,32,21
136,stuart-349-gary-685,136,22,74,81
137,stuart-561-gary-118,137,24,79,68
138,stuart-338-gary-297,138,48,47,8
139,stuart-177-gary-332,139,88,37,38
140,stuart-266-gary-690,140,1,9,44
141,stuart-123-gary-770,141,71,52,38
142,stuart-751-gary-642,142,22,88,28
143,stuart-640-gary-415,143,79,13,66
144,stuart-116-gary-85,144,27,45,18
145,stuart-52-gary-648,145,80,39,93
146,stuart-761-gary-415,146,58,34,28
147,stuart-204-gary-564,147,79,59,13
148,stuart-454-gary-222,148,74,37,79
149,stuart-969-gary-833,149,69,40,17
150,stuart-490-gary-452,150,2,34,31
151,stuart-604-gary-170,151,23,100,74
152,stuart-615-gary-707,152,33,72,61
153,stuart-936-gary-627,153,0,54,39
154,stuart-667-gary-163,154,42,24,98
155,stuart-46-gary-49,155,35,18,5
156,stuart-812-gary-942,156,83,29,63
157,stuart-740-gary-193,157,95,5,42
158,stuart-143-gary-962,158,69,40,92
159,stuart-30-gary-534,159,79,56,83
160,stuart-238-gary-493,160,29,2,59
161,stuart-970-gary-447,161,35,62,30
162,stuart-79-gary-593,162,26,26,3
163,stuart-963-gary-698,163,5,5,99
164,stuart-659-gary-268,164,95,49,72
165,stuart-570-gary-459,165,14,93,57
166,stuart-978-gary-735,166,72,13,39
167,stuart-487-gary-881,167,66,39,84
168,stuart-751-gary-381,168,7,11,96
169,stuart-266-gary-905,169,91,26,27
170,stuart-630-gary-474,170,17,27,53
171,stuart-755-gary-66,171,43,99,65
172,stuart-742-gary-20,172,7,33,34
173,stuart-478-gary-564,173,35,97,20
174,stuart-640-gary-170,174,17,3,74
175,stuart-812-gary-316,175,29,54,92
176,stuart-751-gary-572,176,43,13,68
177,stuart-793-gary-733,177,7,37,22
178,stuart-611-gary-895,178,31,57,7
179,stuart-734-gary-515,179,99,16,25
180,stuart-421-gary-538,180,42,70,85
181,stuart-685-gary-360,181,63,32,63
182,stuart-549-gary-988,182,26,10,22
183,stuart-573-gary-246,183,57,54,94
184,stuart-985-gary-634,184,97,73,39
185,stuart-263-gary-443,185,44,5,1
186,stuart-343-gary-308,186,28,54,40
187,stuart-684-gary-437,187,46,100,65
188,stuart-376-gary-656,188,19,20,71
189,stuart-165-gary-872,189,95,10,25
190,stuart-969-gary-412,190,26,71,57
191,stuart-699-gary-361,191,23,59,25
192,stuart-721-gary-320,192,77,1,29
193,stuart-290-gary-983,193,59,80,57
194,stuart-139-gary-460,194,30,62,34
195,stuart-443-gary-12,195,20,20,22
196,stuart-756-gary-579,196,30,0,96
197,stuart-897-gary-523,197,66,42,63
198,stuart-593-gary-194,198,91,62,43
199,stuart-906-gary-986,199,86,11,100
200,stuart-986-gary-626,200,34,98,79
201,stuart-218-gary-812,201,75,87,24
202,stuart-825-gary-463,202,23,18,2
203,stuart-568-gary-525,203,27,88,53
204,stuart-146-gary-67,204,19,34,26
205,stuart-941-gary-855,205,81,43,43
206,stuart-185-gary-36,206,56,100,26
207,stuart-636-gary-555,207,57,86,43
208,stuart-180-gary-739,208,82,15,68
209,stuart-95-gary-100,209,88,70,1
210,stuart-51-gary-970,210,92,97,37
211,stuart-921-gary-583,211,100,25,8
212,stuart-684-gary-780,212,55,37,70
213,stuart-492-gary-301,213,58,23,49
214,stuart-629-gary-827,214,18,18,46
215,stuart-714-gary-35,215,9,40,56
216,stuart-799-gary-698,216,7,7,61
217,stuart-355-gary-549,217,1,90,44
218,stuart-35-gary-352,218,2,19,73
219,stuart-636-gary-154,219,4,71,22
220,stuart-252-gary-829,220,20,37,99
221,stuart-878-gary-772,221,71,100,92
222,stuart-594-gary-753,222,69,87,21
223,stuart-142-gary-507,223,2,94,65
224,stuart-501-gary-573,224,60,16,1
225,stuart-20-gary-859,225,85,43,9
226,stuart-584-gary-80,226,85,27,74
227,stuart-440-gary-218,227,82,40,36
228,stuart-694-gary-860,228,89,65,34
229,stuart-289-gary-582,229,73,35,83
230,stuart-195-gary-627,230,83,2,30
231,stuart-351-gary-833,231,90,50,8
232,stuart-163-gary-417,232,59,72,42
233,stuart-997-gary-651,233,55,23,77
234,stuart-515-gary-52,234,55,52,27
235,stuart-30-gary-515,235,100,36,30
236,stuart-304-gary-406,236,44,62,42
237,stuart-779-gary-657,237,42,55,96
238,stuart-774-gary-392,238,66,43,41
239,stuart-185-gary-648,239,89,95,91
240,stuart-388-gary-483,240,40,28,97
241,stuart-374-gary-510,241,40,52,87
242,stuart-643-gary-198,242,97,54,51
243,stuart-773-gary-165,243,29,3,1
244,stuart-477-gary-61,244,73,47,2
245,stuart-94-gary-170,245,60,81,96
246,stuart-450-gary-785,246,7,81,2
247,stuart-663-gary-197,247,11,11,81
248,stuart-46-gary-111,248,21,58,49
249,stuart-185-gary-972,249,96,58,93
250,stuart-618-gary-156,250,57,58,95
251,stuart-2-gary-47,251,82,29,93
252,stuart-391-gary-998,252,7,7,10
253,stuart-79-gary-700,253,68,66,58
254,stuart-40-gary-208,254,47,55,66
255,stuart-153-gary-170,255,95,8,2
256,stuart-21-gary-877,256,54,99,58
257,stuart-972-gary-904,257,51,2,94
258,stuart-935-gary-513,258,100,0,8
259,stuart-413-gary-254,259,45,91,46
260,stuart-914-gary-409,260,73,91,91
261,stuart-554-gary-507,261,43,17,86
262,stuart-708-gary-966,262,83,17,59
263,stuart-65-gary-245,263,53,83,40
264,stuart-164-gary-2,264,58,20,100
265,stuart-776-gary-550,265,4,55,13
266,stuart-796-gary-353,266,12,90,82
267,stuart-40-gary-322,267,42,82,12
268,stuart-519-gary-365,268,100,49,77
269,stuart-828-gary-62,269,53,61,90
270,stuart-834-gary-175,270,23,78,88
271,stuart-386-gary-319,271,20,50,64
272,stuart-421-gary-919,272,46,53,41
273,stuart-2-gary-949,273,72,36,88
274,stuart-934-gary-90,274,90,54,97
275,stuart-580-gary-313,275,74,22,15
276,stuart-40-gary-581,276,66,45,98
277,stuart-466-gary-7,277,56,84,81
278,stuart-250-gary-250,278,11,53,44
279,stuart-837-gary-663,279,83,60,53
280,stuart-884-gary-644,280,70,68,94
281,stuart-143-gary-541,281,84,78,45
282,stuart-709-gary-452,282,90,82,37
283,stuart-532-gary-528,283,59,6,1
284,stuart-34-gary-834,284,37,100,85
285,stuart-884-gary-796,285,76,33,11
286,stuart-736-gary-25,286,51,77,57
287,stuart-796-gary-778,287,27,5,84
288,stuart-742-gary-662,288,58,60,24
289,stuart-114-gary-806,289,87,60,100
290,stuart-987-gary-891,290,45,14,7
291,stuart-956-gary-127,291,70,29,62
292,stuart-903-gary-667,292,19,7,31
293,stuart-489-gary-510,293,21,79,18
294,stuart-527-gary-391,294,85,50,34
295,stuart-460-gary-598,295,24,59,46
296,stuart-221-gary-896,296,85,2,3
297,stuart-765-gary-247,297,61,35,60
298,stuart-644-gary-576,298,86,85,11
299,stuart-595-gary-511,299,13,66,91
300,stuart-608-gary-624,300,53,59,97
301,stuart-544-gary-543,301,39,53,69
302,stuart-157-gary-7,302,86,70,88
303,stuart-700-gary-949,303,41,21,54
304,stuart-473-gary-495,304,13,21,83
305,stuart-953-gary-899,305,97,80,2
306,stuart-98-gary-784,306,8,69,30
307,stuart-515-gary-918,307,41,14,84
308,stuart-567-gary-420,308,86,57,12
309,stuart-115-gary-358,309,70,47,77
310,stuart-113-gary-896,310,61,26,46
311,stuart-839-gary-56,311,19,13,94
312,stuart-540-gary-814,312,58,11,28
313,stuart-569-gary-441,313,22,71,26
314,stuart-782-gary-35,314,49,44,56
315,stuart-296-gary-284,315,89,28,3
316,stuart-152-gary-313,316,17,15,1
317,stuart-206-gary-184,317,72,54,59
318,stuart-429-gary-875,318,88,95,75
319,stuart-567-gary-58,319,64,28,93
320,stuart-447-gary-826,320,25,68,11
321,stuart-15-gary-675,321,95,74,30
322,stuart-164-gary-332,322,26,52,100
323,stuart-439-gary-352,323,18,99,49
324,stuart-401-gary-926,324,22,58,64
325,stuart-930-gary-826,325,99,17,76
326,stuart-254-gary-279,326,46,90,44
327,stuart-166-gary-428,327,73,97,22
328,stuart-531-gary-957,328,66,28,4
329,stuart-926-gary-35,329,68,0,83
330,stuart-737-gary-597,330,4,54,66
331,stuart-688-gary-951,331,87,80,4
332,stuart-287-gary-828,332,34,27,95
333,stuart-946-gary-153,333,68,35,83
334,stuart-974-gary-65,334,96,98,34
335,stuart-357-gary-8,335,63,17,57
336,stuart-541-gary-533,336,54,68,2
337,stuart-137-gary-511,337,11,41,69
338,stuart-865-gary-775,338,65,37,92
339,stuart-76-gary-90,339,30,67,22
340,stuart-697-gary-694,340,71,60,56
341,stuart-259-gary-458,341,74,86,32
342,stuart-675-gary-316,342,59,52,1
343,stuart-753-gary-737,343,72,52,49
344,stuart-305-gary-771,344,82,76,29
345,stuart-79-gary-130,345,30,88,10
346,stuart-215-gary-728,346,63,77,55
347,stuart-961-gary-624,347,23,90,93
348,stuart-139-gary-646,348,23,47,18
349,stuart-784-gary-901,349,2,51,63
350,stuart-522-gary-495,350,47,17,0
351,stuart-287-gary-757,351,47,4,23
352,stuart-426-gary-70,352,97,61,30
353,stuart-231-gary-838,353,82,22,35
354,stuart-257-gary-62,354,96,18,42
355,stuart-274-gary-264,355,55,57,0
356,stuart-837-gary-579,356,76,43,6
357,stuart-934-gary-964,357,63,40,54
358,stuart-314-gary-533,358,4,82,57
359,stuart-417-gary-994,359,40,56,11
360,stuart-451-gary-261,360,51,24,98
361,stuart-5-gary-564,361,89,86,8
362,stuart-712-gary-873,362,24,36,3
363,stuart-771-gary-551,363,93,6,37
364,stuart-923-gary-780,364,23,20,59
365,stuart-26-gary-213,365,43,73,25
366,stuart-212-gary-958,366,75,93,34
367,stuart-342-gary-771,367,47,94,82
368,stuart-878-gary-886,368,18,70,8
369,stuart-901-gary-107,369,79,45,96
370,stuart-225-gary-624,370,41,87,79
371,stuart-878-gary-362,371,72,55,96
372,stuart-225-gary-215,372,34,49,79
373,stuart-850-gary-311,373,4,64,47
374,stuart-589-gary-329,374,74,9,17
375,stuart-43-gary-777,375,74,78,71
376,stuart-985-gary-361,376,35,64,12
377,stuart-99-gary-209,377,21,67,57
378,stuart-993-gary-305,378,21,96,82
379,stuart-56-gary-427,379,85,35,13
380,stuart-391-gary-399,380,25,98,14
381,stuart-65-gary-607,381,50,11,26
382,stuart-805-gary-968,382,97,76,30
383,stuart-952-gary-482,383,60,5,17
384,stuart-289-gary-739,384,90,42,13
385,stuart-268-gary-415,385,7,34,50
386,stuart-325-gary-341,386,98,49,83
387,stuart-734-gary-856,387,38,17,77
388,stuart-878-gary-929,388,66,44,80
389,stuart-300-gary-288,389,8,65,81
390,stuart-903-gary-284,390,10,36,70
391,stuart-150-gary-140,391,3,40,73
392,stuart-254-gary-129,392,57,62,26
393,stuart-992-gary-467,393,27,83,77
394,stuart-754-gary-89,394,63,71,41
395,stuart-373-gary-931,395,42,31,70
396,stuart-699-gary-146,396,74,53,47
397,stuart-827-gary-933,397,12,5,43
398,stuart-444-gary-566,398,18,24,51
399,stuart-205-gary-647,399,34,16,8
400,stuart-554-gary-515,400,46,39,38
401,stuart-299-gary-394,401,38,61,54
402,stuart-958-gary-892,402,42,13,18
403,stuart-983-gary-159,403,100,56,12
404,stuart-485-gary-923,404,74,49,78
405,stuart-86-gary-250,405,65,69,99
406,stuart-148-gary-475,406,95,34,66
407,stuart-409-gary-186,407,2,1,50
408,stuart-474-gary-666,408,64,15,1
409,stuart-992-gary-130,409,81,5,54
410,stuart-381-gary-900,410,28,64,24
411,stuart-96-gary-925,411,40,34,85
412,stuart-926-gary-843,412,74,57,1
413,stuart-199-gary-943,413,33,73,6
414,stuart-283-gary-55,414,45,32,98
415,stuart-406-gary-767,415,23,90,41
416,stuart-722-gary-419,416,9,51,39
417,stuart-59-gary-726,417,48,67,67
418,stuart-419-gary-77,418,16,5,27
419,stuart-741-gary-794,419,53,36,38
420,stuart-130-gary-223,420,78,43,70
421,stuart-777-gary-821,421,38,33,38
422,stuart-871-gary-94,422,64,13,25
423,stuart-810-gary-867,423,73,71,71
424,stuart-878-gary-211,424,8,2,39
425,stuart-455-gary-403,425,56,56,90
426,stuart-95-gary-165,426,3,53,100
427,stuart-615-gary-60,427,44,78,59
428,stuart-736-gary-739,428,63,17,55
429,stuart-229-gary-536,429,82,21,70
430,stuart-545-gary-479,430,62,42,62
431,stuart-903-gary-761,431,19,16,95
432,stuart-215-gary-308,432,41,66,87
433,stuart-988-gary-744,433,92,20,12
434,stuart-938-gary-988,434,45,67,19
435,stuart-611-gary-964,435,41,27,42
436,stuart-159-gary-401,436,91,80,85
437,stuart-116-gary-60,437,2,4,19
438,stuart-307-gary-964,438,99,95,66
439,stuart-184-gary-290,439,23,56,75
440,stuart-680-gary-44,440,43,39,30
441,stuart-437-gary-602,441,54,17,73
442,stuart-828-gary-188,442,50,72,79
443,stuart-29-gary-352,443,17,91,92
444,stuart-633-gary-583,444,79,50,40
445,stuart-330-gary-310,445,87,19,2
446,stuart-809-gary-355,446,9,11,86
447,stuart-827-gary-624,447,30,29,85
448,stuart-972-gary-895,448,39,65,100
449,stuart-221-gary-536,449,65,75,84
450,stuart-567-gary-223,450,86,23,91
451,stuart-694-gary-78,451,65,44,68
452,stuart-482-gary-4,452,21,71,36
453,stuart-131-gary-8,453,68,7,100
454,stuart-734-gary-94,454,10,88,96
455,stuart-141-gary-5,455,80,48,4
456,stuart-501-gary-159,456,69,11,48
457,stuart-752-gary-329,457,15,56,0
458,stuart-954-gary-421,458,85,68,54
459,stuart-731-gary-76,459,64,100,54
460,stuart-493-gary-178,460,12,86,81
461,stuart-28-gary-746,461,34,58,30
462,stuart-29-gary-0,462,37,1,10
463,stuart-895-gary-206,463,97,54,100
464,stuart-142-gary-804,464,46,48,79
465,stuart-884-gary-520,465,22,11,78
466,stuart-96-gary-821,466,60,7,53
467,stuart-474-gary-185,467,39,17,77
468,stuart-53-gary-904,468,77,82,5
469,stuart-475-gary-675,469,31,49,54
470,stuart-657-gary-387,470,60,70,34
471,stuart-986-gary-467,471,99,93,4
472,stuart-148-gary-332,472,97,52,1
473,stuart-776-gary-321,473,19,41,21
474,stuart-527-gary-517,474,93,55,47
475,stuart-337-gary-12,475,60,65,29
476,stuart-59-gary-237,476,11,91,19
477,stuart-865-gary-889,477,44,100,44
478,stuart-100-gary-30,478,47,48,79
479,stuart-567-gary-315,479,70,31,49
480,stuart-211-gary-418,480,21,69,39
481,stuart-824-gary-724,481,38,28,38
482,stuart-821-gary-606,482,9,39,8
483,stuart-829-gary-840,483,42,71,7
484,stuart-356-gary-85,484,72,76,18
485,stuart-317-gary-931,485,6,50,27
486,stuart-567-gary-46,486,30,64,24
487,stuart-457-gary-37,487,58,9,35
488,stuart-438-gary-571,488,92,27,75
489,stuart-432-gary-698,489,23,56,75
490,stuart-3-gary-73,490,59,31,71
491,stuart-915-gary-623,491,35,94,0
492,stuart-487-gary-763,492,53,3,60
493,stuart-656-gary-329,493,44,54,29
494,stuart-879-gary-817,494,96,24,20
495,stuart-771-gary-943,495,60,89,74
496,stuart-751-gary-980,496,80,10,72
497,stuart-742-gary-501,497,21,84,100
498,stuart-236-gary-279,498,48,75,41
499,stuart-784-gary-671,499,30,29,51
500,stuart-219-gary-141,500,4,63,78
501,stuart-258-gary-130,501,32,8,34
502,stuart-486-gary-359,502,71,48,100
503,stuart-138-gary-796,503,1,25,19
504,stuart-257-gary-577,504,36,75,60
505,stuart-968-gary-134,505,80,75,11
506,stuart-39-gary-77,506,43,39,11
507,stuart-662-gary-342,507,32,28,20
508,stuart-337-gary-720,508,47,60,53
509,stuart-60-gary-295,509,75,76,62
510,stuart-749-gary-767,510,53,6,21
511,stuart-874-gary-301,511,0,54,68
512,stuart-846-gary-877,512,37,27,75
513,stuart-670-gary-121,513,11,44,35
514,stuart-43-gary-281,514,20,50,64
515,stuart-276-gary-847,515,45,23,52
516,stuart-358-gary-93,516,29,28,98
517,stuart-109-gary-71,517,40,58,8
518,stuart-355-gary-608,518,98,7,14
519,stuart-664-gary-674,519,71,14,74
520,stuart-25-gary-823,520,66,86,71
521,stuart-252-gary-324,521,80,76,12
522,stuart-636-gary-867,522,3,33,40
523,stuart-205-gary-654,523,78,41,91
524,stuart-245-gary-656,524,52,47,70
525,stuart-383-gary-453,525,59,98,26
526,stuart-379-gary-533,526,55,15,24
527,stuart-951-gary-187,527,34,1,35
528,stuart-108-gary-960,528,90,78,94
529,stuart-743-gary-254,529,3,52,1
530,stuart-616-gary-619,530,1,23,56
531,stuart-360-gary-927,531,91,26,76
532,stuart-708-gary-903,532,41,86,32
533,stuart-656-gary-600,533,95,87,26
534,stuart-877-gary-868,534,75,43,17
535,stuart-983-gary-53,535,89,13,4
536,stuart-696-gary-1000,536,73,91,84
537,stuart-860-gary-271,537,54,47,36
538,stuart-805-gary-993,538,35,56,97
539,stuart-226-gary-338,539,9,91,40
540,stuart-432-gary-578,540,4,92,97
541,stuart-299-gary-565,541,39,1,2
542,stuart-424-gary-109,542,63,36,94
543,stuart-506-gary-926,543,17,86,30
544,stuart-996-gary-296,544,18,32,87
545,stuart-460-gary-464,545,29,62,54
546,stuart-266-gary-603,546,75,20,21
547,stuart-551-gary-437,547,64,77,37
548,stuart-33-gary-656,548,90,42,100
549,stuart-270-gary-582,549,81,34,29
550,stuart-623-gary-162,550,61,52,72
551,stuart-196-gary-776,551,19,97,3
552,stuart-320-gary-473,552,72,48,38
553,stuart-179-gary-326,553,1,48,40
554,stuart-49-gary-304,554,80,67,22
555,stuart-265-gary-812,555,27,88,71
556,stuart-953-gary-426,556,40,10,44
557,stuart-189-gary-213,557,35,38,97
558,stuart-397-gary-927,558,87,68,74
559,stuart-42-gary-286,559,20,85,56
560,stuart-868-gary-881,560,49,60,72
561,stuart-396-gary-646,561,86,65,37
562,stuart-556-gary-130,562,73,71,49
563,stuart-702-gary-520,563,89,79,17
564,stuart-837-gary-91,564,69,79,51
565,stuart-908-gary-570,565,32,25,42
566,stuart-672-gary-716,566,24,8,86
567,stuart-854-gary-301,567,36,45,47
568,stuart-543-gary-295,568,70,23,90
569,stuart-688-gary-981,569,11,96,78
570,stuart-449-gary-988,570,69,32,20
571,stuart-451-gary-878,571,32,90,54
572,stuart-922-gary-126,572,91,44,29
573,stuart-930-gary-580,573,10,53,88
574,stuart-807-gary-413,574,10,32,50
575,stuart-487-gary-337,575,19,94,33
576,stuart-130-gary-235,576,64,91,68
577,stuart-698-gary-466,577,45,87,13
578,stuart-452-gary-657,578,66,38,84
579,stuart-929-gary-58,579,98,86,45
580,stuart-967-gary-44,580,33,69,77
581,stuart-828-gary-648,581,91,11,94
582,stuart-440-gary-420,582,20,27,66
583,stuart-588-gary-202,583,33,55,16
584,stuart-376-gary-742,584,13,65,13
585,stuart-710-gary-56,585,34,57,78
586,stuart-384-gary-62,586,38,100,12
587,stuart-329-gary-541,587,86,68,92
588,stuart-965-gary-46,588,62,70,8
589,stuart-646-gary-239,589,78,88,53
590,stuart-77-gary-390,590,17,73,26
591,stuart-867-gary-562,591,94,73,23
592,stuart-775-gary-131,592,48,37,79
593,stuart-877-gary-557,593,63,68,65
594,stuart-349-gary-144,594,18,42,77
595,stuart-808-gary-45,595,40,45,58
596,stuart-776-gary-638,596,31,9,4
597,stuart-806-gary-42,597,90,42,22
598,stuart-138-gary-760,598,97,75,48
599,stuart-24-gary-577,599,79,58,54
600,stuart-99-gary-790,600,77,44,54
601,stuart-515-gary-655,601,96,45,40
602,stuart-758-gary-277,602,27,34,92
603,stuart-332-gary-74,603,59,2,72
604,stuart-695-gary-195,604,93,4,95
605,stuart-651-gary-821,605,52,41,43
606,stuart-980-gary-23,606,70,36,29
607,stuart-250-gary-731,607,0,18,69
608,stuart-299-gary-611,608,4,88,65
609,stuart-606-gary-817,609,29,86,69
610,stuart-282-gary-911,610,88,95,12
611,stuart-178-gary-188,611,67,92,69
612,stuart-564-gary-963,612,44,10,75
613,stuart-582-gary-897,613,42,57,55
614,stuart-666-gary-600,614,75,57,1
615,stuart-51-gary-756,615,23,53,13
616,stuart-952-gary-929,616,22,91,60
617,stuart-890-gary-287,617,50,10,21
618,stuart-865-gary-931,618,69,71,76
619,stuart-764-gary-921,619,40,84,10
620,stuart-959-gary-54,620,58,47,73
621,stuart-426-gary-39,621,49,87,50
622,stuart-224-gary-645,622,48,2,38
623,stuart-456-gary-127,623,64,51,83
624,stuart-370-gary-454,624,39,83,11
625,stuart-617-gary-146,625,30,73,16
626,stuart-629-gary-663,626,22,2,59
627,stuart-386-gary-910,627,11,63,73
628,stuart-131-gary-109,628,6,87,1
629,stuart-186-gary-765,629,97,4,70
630,stuart-71-gary-216,630,92,54,39
631,stuart-950-gary-870,631,7,79,67
632,stuart-40-gary-195,632,75,15,77
633,stuart-334-gary-510,633,28,81,62
634,stuart-704-gary-140,634,9,46,85
635,stuart-868-gary-194,635,42,38,21
636,stuart-14-gary-296,636,80,18,75
637,stuart-264-gary-245,637,12,78,63
638,stuart-493-gary-361,638,76,78,28
639,stuart-548-gary-944,639,84,33,63
640,stuart-828-gary-590,640,1,29,76
641,stuart-934-gary-583,641,96,50,59
642,stuart-671-gary-583,642,94,57,42
643,stuart-206-gary-395,643,48,90,21
644,stuart-506-gary-890,644,84,36,49
645,stuart-242-gary-431,645,11,19,54
646,stuart-503-gary-482,646,94,43,80
647,stuart-306-gary-440,647,40,13,24
648,stuart-1-gary-24,648,68,9,19
649,stuart-58-gary-297,649,33,28,8
650,stuart-302-gary-5,650,92,48,25
651,stuart-935-gary-431,651,55,79,98
652,stuart-467-gary-834,652,28,33,72
653,stuart-507-gary-412,653,47,90,6
654,stuart-80-gary-749,654,17,29,21
655,stuart-644-gary-999,655,54,34,36
656,stuart-545-gary-224,656,68,81,17
657,stuart-286-gary-399,657,85,88,93
658,stuart-676-gary-371,658,25,45,22
659,stuart-878-gary-732,659,53,45,95
660,stuart-333-gary-923,660,40,77,70
661,stuart-522-gary-257,661,21,79,32
662,stuart-792-gary-37,662,6,88,61
663,stuart-33-gary-389,663,50,39,82
664,stuart-171-gary-945,664,48,39,61
665,stuart-348-gary-266,665,51,99,3
666,stuart-197-gary-262,666,39,16,88
667,stuart-749-gary-795,667,99,65,81
668,stuart-342-gary-502,668,93,77,83
669,stuart-662-gary-62,669,63,0,24
670,stuart-67-gary-708,670,72,22,64
671,stuart-502-gary-807,671,77,100,11
672,stuart-226-gary-983,672,74,61,55
673,stuart-942-gary-964,673,32,58,38
674,stuart-396-gary-821,674,80,79,88
675,stuart-470-gary-266,675,37,59,93
676,stuart-939-gary-553,676,52,23,73
677,stuart-253-gary-447,677,91,14,35
678,stuart-627-gary-177,678,48,9,22
679,stuart-190-gary-524,679,16,54,49
680,stuart-160-gary-395,680,43,23,99
681,stuart-775-gary-727,681,64,6,23
682,stuart-773-gary-267,682,79,49,42
683,stuart-67-gary-35,683,74,39,43
684,stuart-917-gary-58,684,51,17,99
685,stuart-807-gary-894,685,78,23,20
686,stuart-472-gary-225,686,46,83,92
687,stuart-501-gary-548,687,54,18,41
688,stuart-89-gary-641,688,49,45,57
689,stuart-407-gary-228,689,56,89,77
690,stuart-888-gary-123,690,46,77,89
691,stuart-97-gary-113,691,81,24,96
692,stuart-700-gary-464,692,17,97,92
693,stuart-985-gary-502,693,100,46,77
694,stuart-811-gary-222,694,51,13,64
695,stuart-231-gary-273,695,43,99,57
696,stuart-37-gary-751,696,54,38,45
697,stuart-59-gary-817,697,5,17,97
698,stuart-336-gary-386,698,75,20,59
699,stuart-905-gary-590,699,89,45,11
700,stuart-600-gary-308,700,67,32,61
701,stuart-394-gary-811,701,8,73,61
702,stuart-322-gary-373,702,63,56,0
703,stuart-340-gary-250,703,56,15,11
704,stuart-8-gary-320,704,11,65,71
705,stuart-586-gary-871,705,88,60,54
706,stuart-383-gary-994,706,80,69,53
707,stuart-141-gary-979,707,39,9,15
708,stuart-720-gary-974,708,64,80,76
709,stuart-154-gary-263,709,8,46,97
710,stuart-796-gary-761,710,69,8,42
711,stuart-564-gary-919,711,81,28,27
712,stuart-331-gary-173,712,80,66,68
713,stuart-256-gary-563,713,45,48,100
714,stuart-481-gary-272,714,11,69,24
715,stuart-382-gary-249,715,71,0,66
716,stuart-924-gary-197,716,35,65,29
717,stuart-511-gary-241,717,36,42,60
718,stuart-243-gary-210,718,52,50,100
719,stuart-877-gary-876,719,92,91,68
720,stuart-916-gary-596,720,63,40,52
721,stuart-336-gary-577,721,13,76,93
722,stuart-38-gary-960,722,43,54,84
723,stuart-93-gary-492,723,37,77,68
724,stuart-899-gary-8,724,95,3,46
725,stuart-946-gary-746,725,91,25,64
726,stuart-435-gary-350,726,22,23,13
727,stuart-936-gary-970,727,3,93,19
728,stuart-20-gary-782,728,23,98,79
729,stuart-697-gary-333,729,67,77,38
730,stuart-466-gary-26,730,38,87,75
731,stuart-221-gary-905,731,12,76,70
732,stuart-375-gary-719,732,61,44,43
733,stuart-535-gary-976,733,20,79,43
734,stuart-983-gary-928,734,53,95,96
735,stuart-686-gary-718,735,14,34,42
736,stuart-99-gary-896,736,49,97,6
737,stuart-751-gary-571,737,85,94,54
738,stuart-172-gary-737,738,42,50,28
739,stuart-877-gary-608,739,1,23,5
740,stuart-922-gary-398,740,2,76,72
741,stuart-772-gary-639,741,79,92,59
742,stuart-831-gary-809,742,22,74,5
743,stuart-808-gary-608,743,61,62,44
744,stuart-880-gary-79,744,68,48,45
745,stuart-195-gary-168,745,18,96,62
746,stuart-852-gary-313,746,4,1,18
747,stuart-951-gary-282,747,2,10,15
748,stuart-182-gary-571,748,31,99,60
749,stuart-401-gary-68,749,7,32,43
750,stuart-325-gary-613,750,66,45,3
751,stuart-97-gary-942,751,5,75,45
752,stuart-848-gary-27,752,71,43,64
753,stuart-605-gary-473,753,81,35,100
754,stuart-150-gary-267,754,0,90,18
755,stuart-847-gary-114,755,43,42,49
756,stuart-614-gary-708,756,40,8,99
757,stuart-647-gary-675,757,75,89,82
758,stuart-429-gary-248,758,96,51,83
759,stuart-456-gary-491,759,92,13,27
760,stuart-103-gary-706,760,20,69,82
761,stuart-664-gary-260,761,58,72,30
762,stuart-84-gary-51,762,39,53,69
763,stuart-965-gary-241,763,72,17,78
764,stuart-733-gary-398,764,62,80,42
765,stuart-770-gary-833,765,35,23,71
766,stuart-669-gary-130,766,83,89,52
767,stuart-285-gary-355,767,13,14,51
768,stuart-101-gary-415,768,54,38,30
769,stuart-162-gary-877,769,43,92,53
770,stuart-48-gary-429,770,77,47,65
771,stuart-30-gary-791,771,57,65,29
772,stuart-755-gary-859,772,70,15,26
773,stuart-25-gary-177,773,11,87,19
774,stuart-542-gary-171,774,48,20,99
775,stuart-696-gary-624,775,80,9,12
776,stuart-792-gary-876,776,8,88,79
777,stuart-632-gary-240,777,63,37,69
778,stuart-472-gary-462,778,62,1,3
779,stuart-611-gary-529,779,36,6,5
780,stuart-62-gary-718,780,29,85,11
781,stuart-787-gary-423,781,50,48,65
782,stuart-438-gary-933,782,27,89,40
783,stuart-828-gary-18,783,65,56,20
784,stuart-73-gary-7,784,31,68,89
785,stuart-224-gary-865,785,46,40,98
786,stuart-960-gary-352,786,13,27,47
787,stuart-23-gary-892,787,38,69,99
788,stuart-92-gary-378,788,22,80,21
789,stuart-911-gary-476,789,56,28,90
790,stuart-798-gary-430,790,13,73,18
791,stuart-374-gary-556,791,29,66,36
792,stuart-75-gary-78,792,44,5,4
793,stuart-898-gary-853,793,17,92,94
794,stuart-488-gary-671,794,7,24,96
795,stuart-194-gary-648,795,17,0,31
796,stuart-979-gary-837,796,22,67,8
797,stuart-202-gary-202,797,75,76,57
798,stuart-368-gary-610,798,38,58,63
799,stuart-111-gary-781,799,83,96,68
800,stuart-817-gary-897,800,42,45,17
801,stuart-992-gary-38,801,34,58,13
802,stuart-541-gary-914,802,95,51,23
803,stuart-300-gary-815,803,0,75,0
804,stuart-279-gary-320,804,74,68,54
805,stuart-990-gary-388,805,86,61,25
806,stuart-672-gary-227,806,69,89,36
807,stuart-167-gary-803,807,50,86,13
808,stuart-184-gary-689,808,85,3,100
809,stuart-972-gary-417,809,53,0,70
810,stuart-602-gary-249,810,0,9,57
811,stuart-161-gary-365,811,67,92,24
812,stuart-480-gary-926,812,66,62,79
813,stuart-750-gary-544,813,88,96,86
814,stuart-775-gary-425,814,78,49,95
815,stuart-865-gary-587,815,17,50,46
816,stuart-592-gary-453,816,51,74,24
817,stuart-486-gary-968,817,10,92,84
818,stuart-240-gary-174,818,55,28,50
819,stuart-16-gary-807,819,15,1,22
820,stuart-219-gary-856,820,75,56,72
821,stuart-112-gary-496,821,98,92,73
822,stuart-973-gary-893,822,26,18,89
823,stuart-530-gary-441,823,34,12,29
824,stuart-801-gary-322,824,88,96,25
825,stuart-978-gary-655,825,84,41,97
826,stuart-258-gary-205,826,18,21,86
827,stuart-390-gary-523,827,14,24,37
828,stuart-238-gary-678,828,37,40,5
829,stuart-731-gary-730,829,84,57,82
830,stuart-680-gary-662,830,74,52,5
831,stuart-224-gary-951,831,11,55,4
832,stuart-608-gary-497,832,12,40,38
833,stuart-227-gary-407,833,86,12,38
834,stuart-362-gary-976,834,55,62,17
835,stuart-257-gary-460,835,68,89,76
836,stuart-722-gary-628,836,88,65,33
837,stuart-22-gary-321,837,25,47,37
838,stuart-431-gary-955,838,59,85,92
839,stuart-606-gary-36,839,32,8,50
840,stuart-862-gary-760,840,60,82,85
841,stuart-553-gary-422,841,54,17,43
842,stuart-190-gary-203,842,11,78,62
843,stuart-50-gary-466,843,97,74,9
844,stuart-465-gary-240,844,6,27,16
845,stuart-993-gary-570,845,53,24,18
846,stuart-53-gary-225,846,34,89,29
847,stuart-187-gary-985,847,67,8,96
848,stuart-542-gary-574,848,37,81,34
849,stuart-777-gary-422,849,54,31,63
850,stuart-445-gary-567,850,22,91,71
851,stuart-979-gary-646,851,42,93,34
852,stuart-431-gary-763,852,49,34,39
853,stuart-912-gary-811,853,17,77,40
854,stuart-728-gary-949,854,65,24,4
855,stuart-663-gary-188,855,5,47,52
856,stuart-841-gary-312,856,90,38,16
857,stuart-792-gary-373,857,91,97,82
858,stuart-282-gary-855,858,12,57,34
859,stuart-249-gary-900,859,53,65,37
860,stuart-799-gary-323,860,35,99,29
861,stuart-804-gary-258,861,23,63,44
862,stuart-320-gary-519,862,94,81,81
863,stuart-783-gary-841,863,43,36,39
864,stuart-432-gary-714,864,24,39,89
865,stuart-224-gary-111,865,75,88,73
866,stuart-858-gary-176,866,85,30,14
867,stuart-724-gary-440,867,79,71,67
868,stuart-437-gary-286,868,22,33,59
869,stuart-933-gary-122,869,36,72,32
870,stuart-330-gary-703,870,28,14,0
871,stuart-933-gary-423,871,11,88,67
872,stuart-871-gary-120,872,62,86,86
873,stuart-122-gary-839,873,26,23,32
874,stuart-547-gary-199,874,26,31,57
875,stuart-398-gary-235,875,86,72,0
876,stuart-226-gary-542,876,53,100,57
877,stuart-947-gary-620,877,59,1,78
878,stuart-108-gary-495,878,64,86,22
879,stuart-207-gary-243,879,59,72,18
880,stuart-616-gary-508,880,81,23,88
881,stuart-138-gary-18,881,17,22,11
882,stuart-522-gary-779,882,72,39,4
883,stuart-36-gary-231,883,42,79,22
884,stuart-233-gary-497,884,83,56,84
885,stuart-104-gary-85,885,19,52,77
886,stuart-31-gary-13,886,80,36,33
887,stuart-941-gary-454,887,63,2,31
888,stuart-458-gary-569,888,9,75,46
889,stuart-355-gary-61,889,40,97,10
890,stuart-38-gary-586,890,98,4,86
891,stuart-8-gary-643,891,90,99,46
892,stuart-403-gary-39,892,55,52,11
893,stuart-577-gary-930,893,19,91,92
894,stuart-770-gary-178,894,8,17,20
895,stuart-752-gary-867,895,100,30,63
896,stuart-418-gary-249,896,29,50,98
897,stuart-345-gary-330,897,88,79,31
898,stuart-948-gary-571,898,70,97,53
899,stuart-385-gary-129,899,32,91,53
900,stuart-991-gary-876,900,86,66,98
901,stuart-729-gary-712,901,50,23,31
902,stuart-513-gary-341,902,8,6,78
903,stuart-26-gary-635,903,40,17,35
904,stuart-771-gary-814,904,92,36,96
905,stuart-843-gary-464,905,32,94,39
906,stuart-550-gary-807,906,60,26,100
907,stuart-386-gary-806,907,2,95,34
908,stuart-248-gary-470,908,63,0,79
909,stuart-488-gary-289,909,23,84,61
910,stuart-281-gary-534,910,48,47,32
911,stuart-248-gary-895,911,0,64,53
912,stuart-835-gary-272,912,47,50,66
913,stuart-362-gary-351,913,55,31,56
914,stuart-100-gary-835,914,24,91,3
915,stuart-739-gary-579,915,74,79,28
916,stuart-408-gary-949,916,45,28,93
917,stuart-491-gary-299,917,85,2,46
918,stuart-466-gary-330,918,97,4,97
919,stuart-139-gary-224,919,42,6,27
920,stuart-774-gary-94,920,77,86,90
921,stuart-276-gary-198,921,87,18,11
922,stuart-580-gary-153,922,4,37,51
923,stuart-347-gary-944,923,52,91,70
924,stuart-240-gary-558,924,24,26,21
925,stuart-782-gary-21,925,41,49,38
926,stuart-444-gary-246,926,23,36,90
927,stuart-163-gary-730,927,26,31,20
928,stuart-166-gary-956,928,17,46,39
929,stuart-131-gary-566,929,67,92,21
930,stuart-189-gary-452,930,38,66,6
931,stuart-583-gary-531,931,8,19,33
932,stuart-960-gary-440,932,27,70,88
933,stuart-814-gary-969,933,38,65,89
934,stuart-320-gary-351,934,39,4,10
935,stuart-968-gary-324,935,14,97,70
936,stuart-881-gary-7,936,77,51,93
937,stuart-37-gary-526,937,85,0,33
938,stuart-851-gary-250,938,9,9,65
939,stuart-2-gary-501,939,20,44,48
940,stuart-615-gary-272,940,49,64,3
941,stuart-885-gary-176,941,44,30,57
942,stuart-844-gary-664,942,42,19,90
943,stuart-736-gary-784,943,41,53,80
944,stuart-324-gary-83,944,65,53,81
945,stuart-384-gary-306,945,66,70,32
946,stuart-860-gary-549,946,76,81,35
947,stuart-478-gary-530,947,37,27,82
948,stuart-352-gary-668,948,43,33,50
949,stuart-96-gary-412,949,88,44,61
950,stuart-367-gary-114,950,78,67,47
951,stuart-776-gary-132,951,27,61,41
952,stuart-234-gary-131,952,27,71,42
953,stuart-505-gary-908,953,70,85,65
954,stuart-612-gary-25,954,38,18,35
955,stuart-739-gary-163,955,30,100,42
956,stuart-477-gary-59,956,25,32,49
957,stuart-969-gary-741,957,94,33,61
958,stuart-696-gary-944,958,74,63,46
959,stuart-157-gary-920,959,25,6,69
960,stuart-199-gary-182,960,71,53,91
961,stuart-973-gary-1000,961,81,87,69
962,stuart-29-gary-109,962,37,75,61
963,stuart-492-gary-156,963,29,70,6
964,stuart-158-gary-616,964,11,22,69
965,stuart-144-gary-175,965,2,9,11
966,stuart-355-gary-4,966,57,33,35
967,stuart-445-gary-383,967,0,84,29
968,stuart-337-gary-727,968,3,50,7
969,stuart-680-gary-642,969,36,79,7
970,stuart-330-gary-40,970,76,70,89
971,stuart-842-gary-168,971,51,48,60
972,stuart-292-gary-204,972,38,62,2
973,stuart-548-gary-119,973,88,81,64
974,stuart-410-gary-911,974,94,37,64
975,stuart-527-gary-495,975,29,7,49
976,stuart-280-gary-340,976,34,5,59
977,stuart-817-gary-234,977,4,86,19
978,stuart-249-gary-202,978,62,13,81
979,stuart-708-gary-363,979,74,27,88
980,stuart-860-gary-458,980,46,14,77
981,stuart-600-gary-140,981,53,43,61
982,stuart-356-gary-355,982,59,13,70
983,stuart-36-gary-785,983,13,58,16
984,stuart-320-gary-722,984,34,67,29
985,stuart-772-gary-893,985,59,73,87
986,stuart-86-gary-925,986,9,3,40
987,stuart-233-gary-619,987,72,29,71
988,stuart-382-gary-144,988,56,43,95
989,stuart-350-gary-529,989,14,61,89
990,stuart-359-gary-418,990,7,3,84
991,stuart-803-gary-628,991,83,66,59
992,stuart-513-gary-456,992,83,20,80
993,stuart-927-gary-625,993,45,75,28
994,stuart-426-gary-332,994,95,14,28
995,stuart-723-gary-166,995,28,89,96
996,stuart-857-gary-89,996,42,57,67
997,stuart-167-gary-750,997,47,7,98
998,stuart-859-gary-297,998,7,44,93
999,stuart-295-gary-859,999,91,31,19
